%YAML:1.0
---
# FocalLength: 1.0766313476562500e+03
FocalLength: 336.909
Intrisic: !!opencv-matrix
   rows: 3
   cols: 3
   dt: f
   # data: [ 9.24496277e+02, 0., 603., 0., 9.24496277e+02, 2.79500000e+02,
      # 0., 0., 1. ]
#EMOS2 Camera 
   data: [ 3.36803089e+02, 0., 6.57e+02, 0., 3.370149e+02, 400.,
       0., 0., 1. ]
Rotation: !!opencv-matrix
   rows: 3
   cols: 3
   dt: f
   data: [ 5.98941743e-01, -2.53816813e-01, 7.59503663e-01,
       -2.65794750e-02, 9.41616297e-01, 3.35637093e-01, -8.00351262e-01,
       -2.21214280e-01, 5.57226956e-01 ]
Translation: !!opencv-matrix
   rows: 3
   cols: 1
   dt: d
   data: [ 0., 0., 0. ]
